0: 55
1: 151,179,841
2: 1252
3: 1491,1493,1543,1673,1861
4: 84,146,377,399,1489,1525,1835,1880
5: 1088,1129,1390,1923
6: 1444
7: 179,457,758,807,1986
8: 373,1451
9: 443,1695
10: 690,1175,1816
11: 707,1443
12: 1382,1405,1799
13: 626,842,1246
14: 460,592,688
15: 71,303
16: 88,847,1199,1997
17: 189,320,1310,1814,1818
18: 652,1917
19: 1255,1429,1767,1786,1787
20: 1272,1959
21: 1640
22: 222,452,752,1375,1575
23: 633,1202,1942
24: 647,796
25: 1656,1771
26: 391,668,1001,1026,1128,1158
27: 294,1840
28: 261,1419
29: 447,747,757,932
30: 40,1376
31: 362,715,785,1082,1925
32: 374,798
33: 581,692,1370
34: 545,1018
35: 658,720,1546,1667
36: 516,809,992,1219,1435,1643
37: 197,283,1608
38: 68,571,806,1133
39: 221,1228
40: 30,1092
41: 313,1751
42: 1126
43: 62,63,434,729,1140,1372
44: 735,1059,1293,1320,1555
45: 200,1210,1979
46: 298
47: 641,1775,1810,1945
48: 60,337,1358
49: 467,1084,1648
50: 117,279,859
51: 577,767,1297,1406
52: 1869
53: 1167,1629,1653
54: 1198
55: 0,773,1243,1715,1828
56: 919,1494
57: 405,603,1002,1612
58: 264,1386
59: 568,1237,1255
60: 48,1566,1712
61: 429,1048
62: 43
63: 43,206,1802
64: 614,1552,1730
65: 1676
66: 91,417,583,1251,1542,1876,1908
67: 209
68: 38,155,1909
69: 1057,1264,1800
70: 498,537,628
71: 15,610
72: 443,1462,1861
73: 1828
74: 434,1322,1969
75: 645,818,821,1125,1224,1383,1563,1804,1848,1964
76: 418,972,1341
77: 1500
78: 1639
79: 578,695,1587
80: 819,940,1704
81: 135,770,1312,1456
82: 899,1485
83: 537,1069,1241
84: 4,1153,1214,1337
85: 407,461,942,1576
86: 101,316,1970
87: 706,1230,1987
88: 16,267,1585,1618
89: 361
90: 1232
91: 66,1594
92: 144,713,886,1993
93: 135,1427,1627,1911
94: 127,1558
95: 965
96: 226,361,404,1867,1975
97: 1105,1793
98: 484,1757
99: 1183
100: 1599,1955
101: 86,342,385,1413,1771
102: 190,312,651,1600,1705,1823
103: 192,869,1101,1540,1558
104: 193,340,648,907,1028,1062,1312,1772,1816,1984
105: 464,638,975,1200,1394
106: 749,1469,1580
107: 1877
108: 299,1185,1436,1897
109: 1974
110: 586,1614
111: 999
112: 1379
113: 1466,1800
114: 250
115: 596
116: 1491
117: 50,1878
118: 788,1277
119: 252,1385
120: 131,974,1085
121: 269,645,1156
122: 249,688,1346
123: 532,1726
124: 355,645,677,971,1999
125: 1611
126: 415,692
127: 94,1354,1661,1705,1716
128: 525,1131
129: 723,812
130: 366,1959
131: 120,308,546,1182,1217,1275,1896
132: 505,938,952,1332,1571,1696,1873
133: 480
134: 233,1747
135: 81,93,231,363,1634
136: 1477
137: 388,878
138: 796,1086,1166
139: 613,874,877
140: 1888
141: 748
142: 1266,1675
143: 1129,1685,1707
144: 92,1360
145: 475,1271
146: 4,169,1177,1527
147: 1817
148: 735,1455
149: 1777,1964
150: 292,617,830
151: 1,1403,1847
152: 266
153: 389,1270,1478
154: 401,775,1844
155: 68,297,760,1509,1732
156: 1086,1920
157: 184
158: 465,885,1344
159: 994,1229,1558
160: 1298
161: 851
162: 264,291,302,476,1064,1629
163: 1643,1830
164: 1007,1356
165: 723,1173
166: 197,435
167: 925
168: 202,210,692,1153
169: 146,824,945,1223,1282
170: 1805
171: 1326,1608
172: 634,1341
173: 1662
174: 684,1391
175: 1335
176: 1068
177: 294,714,1191,1504,1852
178: 358
179: 1,7,1245,1357,1409,1890
180: 724,786,1238
181: 707,1745
182: 249,411
183: 1770
184: 157,390,1000,1481
185: 1402
186: 1407
187: 1729
188: 1806,1854,1895
189: 17,298,1087,1423
190: 102,495
191: 776,1419,1625
192: 103,963
193: 104,500,1658,1960
194: 375,524,1453
195: 401,702,1910
196: 1925
197: 37,166,355,1761
198: 429,1729
199: 469
200: 45,1459
201: 207,293,723,1922,1937
202: 168,1014
203: 531,1101,1183,1838,1842
204: 594
205: 873
206: 63,1329,1770,1885
207: 201
208: 918,1215,1829,1988
209: 67,742,962,1035,1061,1073,1253,1890
210: 168,862,1142,1481
211: 768,1050
212: 889,1811
213: 1931
214: 1020,1987
215: 298,817
216: 610,1453
217: 369,539,1449
218: 970
219: 715,1133
220: 568
221: 39,1230,1788
222: 22
223: 692,736,1574
224: 303,1676
225: 544,892,1012
226: 96
227: 454,1782
228: 1119,1630
229: 1039,1893
230: 426,475,821,1405
231: 135,689,1923
232: 408,772
233: 134,280,765,1176,1732,1998
234: 1167,1563,1777
235: 311,514,538,830
236: 273,765,783,948,1678
237: 909,1004
238: 564
239: 999,1008
240: 656,1118,1286,1824
241: 1029,1506
242: 1287,1365
243: 1528
244: 354,406,931,1196
245: 504,1838
246: 268,464
247: 1090,1112,1136,1731
248: 1293,1411,1892
249: 122,182
250: 114,1707
251: 1281,1572,1946
252: 119,1304
253: 875,966,1115
254: 840,1996
255: 997
256: 328
257: 1152,1763,1945
258: 918,1254,1806
259: 663,892
260: 544,939,1027
261: 28,1063,1627,1663,1858
262: 363
263: 1133,1218,1917
264: 58,162,1522,1666
265: 567,1564
266: 152,541,772,1265,1559
267: 88,291,1171
268: 246,1714
269: 121,1299,1422
270: 1751
271: 308,1402
272: 685,869,1373,1825,1976
273: 236,420
274: 422,934
275: 600
276: 376,1168
277: 1798
278: 1996
279: 50,1409
280: 233,1711
281: 1664
282: 1444
283: 37,1421,1833
284: 1817
285: 683
286: 428,1091,1264
287: 427,1236
288: 442,1639,1873
289: 618,1038,1256,1965
290: 394,744,842,1139,1973
291: 162,267,338,1442,1537,1650,1793,1962
292: 150,1548,1968
293: 201
294: 27,177,896,1670
295: 818,851,985,1051,1382,1457
296: 361,1363
297: 155,445,997
298: 46,189,215,426,1774
299: 108,406
300: 1083,1164,1727
301: 1274,1925
302: 162
303: 15,224,1199
304: 898,1141,1280,1949
305: 413,600,1388,1447
306: 1282,1285,1785
307: 787,1327
308: 131,271,1030,1310
309: 437,1554,1758
310: 708,1610
311: 235,492,1890
312: 102,1034,1054,1669
313: 41,752,1378,1981
314: 316,324,658,886,928,947,1066,1176,1313,1444,1794
315: 625,721,1307
316: 86,314,1048,1496
317: 644,1288,1668,1745
318: 1653,1687
319: 675,1114,1371,1553,1564
320: 17,1819
321: 392,1273
322: 419,1494,1739
323: 1026
324: 314,1721
325: 771,1243
326: 498,946,1507
327: 1661
328: 256,590,1863
329: 497,523,752,1071,1349,1909
330: 472,883
331: 1744
332: 1386
333: 1103
334: 351,423,786,1970
335: 343,1548
336: 1717
337: 48,395,1288,1475
338: 291,1141,1674
339: 532,541,886,1065,1631
340: 104,633,1101,1599,1718,1961
341: 507,1609
342: 101
343: 335,608,1968
344: 890
345: 1211,1439,1756
346: 479,1086,1299
347: 1319,1866
348: 363,1186
349: 643
350: 1003
351: 334
352: 373,673
353: 1717
354: 244,1120
355: 124,197,370,881
356: 607,1382
357: 724,1620
358: 178,835,1371
359: 457
360: 1243,1399
361: 89,96,296
362: 31
363: 135,262,348,1129,1661,1805,1976
364: 1439
365: 1348
366: 130,1014,1965
367: 643,1912
368: 1169
369: 217
370: 355
371: 1627,1716
372: 434,859,1181,1952
373: 8,352,1502,1771
374: 32
375: 194
376: 276,473,779,844,1727
377: 4
378: 412,962,1322,1959
379: 994,1117
380: 1476
381: 1673
382: 1337,1494
383: 1277,1777
384: 502
385: 101
386: 960,1030,1594
387: 1540,1863
388: 137,528,1492,1884
389: 153,1444
390: 184
391: 26,1558
392: 321,687,821,1189,1485,1797,1812,1848,1999
393: 810,910
394: 290,1510
395: 337,1826
396: 757
397: 435,461,1443
398: 1030,1568,1709
399: 4
400: 1395
401: 154,195,1132,1361
402: 1911
403: 1540
404: 96,876
405: 57,893,1877
406: 244,299
407: 85,741,1261,1563,1807
408: 232
409: 486,1281,1504,1987
410: 1239,1537
411: 182,435,546,1833,1874
412: 378,1307,1427,1647,1684,1933,1984
413: 305,444,549
414: 1382
415: 126,709
416: 1410
417: 66,826,1086,1856
418: 76
419: 322
420: 273,424,912,1615,1937
421: 1116,1736,1887
422: 274,1299
423: 334,448,925,1343,1678,1868,1987
424: 420,576
425: 1190
426: 230,298,517,1522
427: 287,1633,1839
428: 286
429: 61,198,1425,1643,1729,1922
430: 1858,1947
431: 900,1165,1228,1305
432: 446,631,892,978
433: 1079,1517
434: 43,74,372,1621
435: 166,397,411,509,697,818,871,1264,1277
436: 1658
437: 309,762
438: 591
439: 1081
440: 1479
441: 813,1087,1144,1817
442: 288
443: 9,72,967,1058
444: 413,1302,1549
445: 297,481,1254
446: 432,834
447: 29,1395
448: 423,760,1226
449: 942,1030,1091,1180
450: 471,979
451: 1377,1934
452: 22,634,805,886,1049
453: 1134,1161
454: 227,1125,1399,1787
455: 1477
456: 499,1363
457: 7,359,1582
458: 859,976,1628
459: 1842,1973
460: 14,657,1260
461: 85,397
462: 1046,1064,1072
463: 767,849,1813
464: 105,246,1492,1559,1916
465: 158,635,1081,1123,1334,1373
466: 1136,1638
467: 49,793,922
468: 1027
469: 199,1477
470: 1620
471: 450,574,1333,1654,1706
472: 330,653,1257,1506,1619,1996
473: 376,773,1683
474: 665,673,1593
475: 145,230,526
476: 162,607,1804
477: 1567,1759,1822
478: 688,1264
479: 346,565
480: 133,841,1246
481: 445,1071,1545
482: 757,1084
483: 570,1440,1759,1876,1929
484: 98,797,806
485: 665,791
486: 409,874,1998
487: 1482,1691,1700
488: 753,1157
489: 1755
490: 807
491: 557
492: 311,939
493: 1279
494: 580
495: 190
496: 1171,1904
497: 329
498: 70,326,1253,1739
499: 456,638,790,1752,1935
500: 193,562,1333,1479
501: 709,794
502: 384,515,708
503: 1318
504: 245
505: 132
506: 516,1305,1601,1966
507: 341
508: 601,876,1248
509: 435,890
510: 1157
511: 934
512: 1889
513: 851
514: 235
515: 502
516: 36,506,683,1762
517: 426,1110
518: 718,1314,1478,1889
519: 790
520: 1124,1408,1999
521: 633,636,827
522: 941,963,1926
523: 329,532,1247
524: 194,936,1416
525: 128,1934
526: 475
527: 636,1681,1926
528: 388,867,1735,1951
529: 1830
530: 1018,1673
531: 203,1985
532: 123,339,523,1801
533: 1015
534: 636,696,700,754,1738
535: 661,1208,1379,1599
536: 1455,1504
537: 70,83,1428
538: 235,1340
539: 217,684,1121,1850
540: 664,1692
541: 266,339
542: 1053
543: 667,1064
544: 225,260,770,1415,1864
545: 34,1922
546: 131,411,942
547: 1292,1873
548: 612,1551
549: 413
550: 772
551: 654,1026
552: 618
553: 868,1406,1441,1609
554: 1128
555: 1420,1495
556: 695,1163,1725,1883
557: 491,859,1816
558: 1409
559: 1236,1433
560: 1526,1714
561: 580,646,1213
562: 500
563: 637,893,1772
564: 238,859
565: 479,1004,1300,1453,1709
566: 846,1156
567: 265
568: 59,220,1267,1675,1743
569: 818,1111,1692
570: 483,933
571: 38,1853
572: 655
573: 749,1267
574: 471,801,859,1070
575: 783
576: 424,1095
577: 51,1756
578: 79,798
579: 1651,1800
580: 494,561,1341,1922
581: 33,738
582: 1461,1843,1998
583: 66
584: 1133
585: 1064,1105
586: 110,1095,1758
587: 1459
588: 862
589: 1042,1663
590: 328,633,763,1021,1417,1481,1494,1811
591: 438,824,1198
592: 14,656,676,1350
593: 1179,1193,1404,1534,1717,1805,1940
594: 204,818,844,1957
595: 761,1203,1716
596: 115,697,861,1408,1715,1974
597: 720,1102,1541
598: 1703
599: 1119
600: 275,305,1941
601: 508
602: 834,888,1119
603: 57,830,1685
604: 1100,1204,1409
605: 1027,1663
606: 764,1284
607: 356,476,1698
608: 343,1098
609: 1098,1947
610: 71,216,1315,1778
611: 681,931,1804
612: 548,1583,1933
613: 139,1375,1535,1543
614: 64
615: 632
616: 788,852,1036,1463,1769
617: 150,633,1103
618: 289,552,1802
619: 1233,1456,1697,1742
620: 949,1135,1559
621: 1192,1963
622: 692,739,1076,1150
623: 671,724,880
624: 711
625: 315,1005,1259
626: 13,1233,1340,1996
627: 1262
628: 70,758
629: 1357,1525
630: 1002,1658
631: 432
632: 615,1465,1770
633: 23,340,521,590,617,961,1103,1123,1672,1878
634: 172,452,639,1090
635: 465,1389
636: 521,527,534,1960
637: 563,1438,1772
638: 105,499,920,1231
639: 634,1867
640: 776,1115
641: 47,1526,1587
642: 861
643: 349,367,1078
644: 317,1736
645: 75,121,124,1072,1756,1798,1948,1950
646: 561
647: 24
648: 104,744
649: 1733,1988
650: 685,907,978,982
651: 102
652: 18,762,829,1765
653: 472,1839,1864
654: 551,1827,1877
655: 572,918,1059,1134
656: 240,592
657: 460
658: 35,314,735,1205,1517,1862,1932
659: 1036,1124
660: 752
661: 535
662: 1085
663: 259
664: 540,707,1146,1787
665: 474,485,1162,1270,1733
666: 1392,1473
667: 543
668: 26
669: 1189,1888
670: 1547,1718
671: 623
672: 874,1462
673: 352,474,714,853
674: 1262
675: 319,1125
676: 592,1552
677: 124,1106,1608
678: 1916,1983
679: 753,1143
680: 1762
681: 611,1324,1603
682: 1331
683: 285,516,809,1230
684: 174,539
685: 272,650
686: 971,1310
687: 392,930
688: 14,122,478,1217,1440
689: 231,1961
690: 10,1548
691: 1335
692: 33,126,168,223,622
693: 972,1147,1516
694: 738,1809
695: 79,556,783
696: 534,1123,1301,1973
697: 435,596,1609
698: 1030
699: 998,1921
700: 534,753,1242
701: 1584
702: 195,998,1112,1314,1352,1584
703: 1933
704: 974,1944
705: 1495,1679
706: 87,1431
707: 11,181,664,924,927,1453,1928
708: 310,502,937,985,1125,1407
709: 415,501,1772
710: 1922
711: 624,1359
712: 1017,1107
713: 92,879,1849
714: 177,673,949,1491
715: 31,219,1501,1517,1892,1945,1953
716: 1007,1267
717: 759
718: 518,1219
719: 1228
720: 35,597,1355
721: 315
722: 1728
723: 129,165,201,772
724: 180,357,623,752,1516,1559,1729
725: 1220,1928
726: 1498
727: 1514,1998
728: 768,1360,1605,1846
729: 43,751,1123,1317
730: 846,1636
731: 879,1796,1889
732: 1125
733: 1787
734: 1477,1573,1961
735: 44,148,658,803,1483,1584
736: 223
737: 973
738: 581,694,1419
739: 622
740: 1650
741: 407,1043,1216,1740
742: 209,945,1289
743: 1827,1855
744: 290,648
745: 888,919
746: 1333
747: 29,857,923,1830
748: 141,1196,1962
749: 106,573
750: 944,1879
751: 729,811,1377,1764
752: 22,313,329,660,724,1869
753: 488,679,700,1336
754: 534,1337,1599,1805
755: 1293,1875
756: 1349,1673,1732
757: 29,396,482,1993
758: 7,628
759: 717,802,876,1614
760: 155,448,765
761: 595,1143
762: 437,652,1205
763: 590,1707
764: 606,1024,1043,1609,1828
765: 233,236,760,992,1207
766: 1324,1817
767: 51,463,1995
768: 211,728,886,951
769: 1611,1762
770: 81,544,958,1424,1738
771: 325,1007,1936
772: 232,266,550,723,981,1596
773: 55,473,999,1023,1264,1466,1704
774: 1596,1873
775: 154,1291,1549
776: 191,640
777: 1040,1644
778: 967
779: 376,1944
780: 903,1602
781: 851,890,1894
782: 1275
783: 236,575,695,1215,1230,1493
784: 1200
785: 31,1714
786: 180,334,1637
787: 307,1230
788: 118,616,1156,1196
789: 1932
790: 499,519,1391,1637,1853
791: 485,1019,1360
792: 1040,1866
793: 467,1302,1873,1875,1889
794: 501,1465
795: 812,949
796: 24,138,826,884,1279,1906
797: 484,965,1493,1889
798: 32,578,923,1875
799: 801,1701,1986
800: 1809
801: 574,799,1244
802: 759,1335,1752
803: 735,1735
804: 1986
805: 452,980,1342
806: 38,484,872,917
807: 7,490,1952
808: 1431,1517
809: 36,683
810: 393,1166,1939
811: 751
812: 129,795
813: 441
814: 1087,1468,1617,1776,1900,1943
815: 982,1490,1961
816: 1336
817: 215,973,1756,1857
818: 75,295,435,569,594,1156,1818
819: 80,1446,1704
820: 1842
821: 75,230,392,852,953,1991
822: 1840
823: 947
824: 169,591,1403
825: 1474,1571
826: 417,796,1030,1598,1991
827: 521
828: 926,1104,1441
829: 652,1018,1343
830: 150,235,603,990,1025,1860
831: 1133,1448
832: 1388,1620
833: 946
834: 446,602
835: 358,1074,1120
836: 1692
837: 845,1659
838: 1165,1302,1882
839: 1314
840: 254
841: 1,480
842: 13,290,1001,1333
843: 960,1580,1990
844: 376,594
845: 837
846: 566,730
847: 16,934,1277,1724
848: 1177
849: 463,1264,1469,1679,1736
850: 896,1234
851: 161,295,513,781,1500
852: 616,821,934,1109
853: 673,1721,1843
854: 1312
855: 1584,1613
856: 1918
857: 747
858: 1086,1700
859: 50,372,458,557,564,574,1331,1494,1612
860: 1380,1995
861: 596,642
862: 210,588,1560
863: 1310
864: 1001,1177
865: 1590,1615
866: 1327,1615
867: 528
868: 553,1064
869: 103,272
870: 1072,1368
871: 435,909,1421
872: 806,1514
873: 205,1115,1680
874: 139,486,672
875: 253,1088
876: 404,508,759,981,1147,1395
877: 139,1016,1478
878: 137
879: 713,731
880: 623,1435
881: 355,1645
882: 1369,1543,1780
883: 330,1025
884: 796
885: 158,968,1628
886: 92,314,339,452,768,965,1169,1270,1607,1889
887: 1391,1988
888: 602,745,1418,1647
889: 212,1040
890: 344,509,781,1288,1532
891: 1219,1581,1593
892: 225,259,432
893: 405,563
894: 1081
895: 1101,1253
896: 294,850,1496
897: 1129,1244,1470
898: 304,1298,1383
899: 82
900: 431,1496
901: 1055,1517
902: 1490,1842
903: 780,1092,1524,1723
904: 1015,1665
905: 952
906: 1979
907: 104,650,1137,1365,1716
908: 1494
909: 237,871,1224,1650
910: 393,989,1124,1528
911: 1649,1732
912: 420
913: 1252,1657
914: 1475
915: 1540
916: 921,1463
917: 806,1843,1889
918: 208,258,655
919: 56,745,1038
920: 638,1209,1498
921: 916
922: 467
923: 747,798
924: 707,1692,1900
925: 167,423,1093
926: 828,1495,1653
927: 707
928: 314,1426,1641
929: 1819
930: 687
931: 244,611,1482
932: 29,1052,1496
933: 570,1473,1804
934: 274,511,847,852,1154,1773
935: 1051
936: 524,1778
937: 708,1237,1482,1900
938: 132,1460
939: 260,492,1242,1333
940: 80,1164
941: 522,1430,1982
942: 85,449,546
943: 1378
944: 750,1376
945: 169,742,1890
946: 326,833,1145,1912
947: 314,823
948: 236,1174
949: 620,714,795
950: 1043
951: 768,1794
952: 132,905,1820
953: 821,1196,1304
954: 1240
955: 1418
956: 1631,1744
957: 1067
958: 770,1450
959: 1123,1157,1754
960: 386,843,1870
961: 633,1871
962: 209,378,1208,1210,1432
963: 192,522,1184
964: 1011,1958
965: 95,797,886,1047,1094,1977
966: 253,1994
967: 443,778,1121,1205,1545,1662,1721
968: 885
969: 1338
970: 218,991,1135,1162,1335,1501,1867
971: 124,686
972: 76,693,1363,1478
973: 737,817
974: 120,704,988,1155,1345,1594
975: 105,1523,1808
976: 458,1027
977: 1482
978: 432,650,1979
979: 450
980: 805,1071,1721
981: 772,876
982: 650,815,1579
983: 1692
984: 1666
985: 295,708,1045,1269
986: 1592,1741,1754
987: 1984
988: 974,1358,1736
989: 910,1294
990: 830
991: 970,1163
992: 36,765,1342,1513
993: 1458
994: 159,379
995: 1350
996: 1335
997: 255,297,1614,1635
998: 699,702,1343
999: 111,239,773,1182,1929
1000: 184,1540
1001: 26,842,864,1599
1002: 57,630,1599,1918
1003: 350,1771
1004: 237,565,1980
1005: 625
1006: 1173
1007: 164,716,771,1646,1709
1008: 239
1009: 1423,1594
1010: 1090,1852
1011: 964,1531,1697
1012: 225,1143
1013: 1643
1014: 202,366,1465,1979
1015: 533,904,1575,1624,1854
1016: 877,1516,1693
1017: 712,1110,1368,1610
1018: 34,530,829,1931
1019: 791
1020: 214
1021: 590,1625
1022: 1603,1745,1755
1023: 773,1362,1818
1024: 764,1897,1967
1025: 830,883,1101,1282
1026: 26,323,551
1027: 260,468,605,976,1145,1481
1028: 104,1328
1029: 241,1499
1030: 308,386,398,449,698,826,1130,1220
1031: 1189
1032: 1386
1033: 1945
1034: 312,1172,1996
1035: 209
1036: 616,659
1037: 1987
1038: 289,919
1039: 229,1212,1449
1040: 777,792,889,1481
1041: 1325,1732
1042: 589
1043: 741,764,950,1522
1044: 1077,1662
1045: 985
1046: 462,1196
1047: 965
1048: 61,316
1049: 452,1135,1637
1050: 211
1051: 295,935,1851
1052: 932,1511
1053: 542,1871
1054: 312,1080
1055: 901,1632
1056: 1889
1057: 69
1058: 443
1059: 44,655,1667
1060: 1949
1061: 209
1062: 104,1221
1063: 261,1159
1064: 162,462,543,585,868
1065: 339
1066: 314,1493,1846
1067: 957,1537,1789
1068: 176,1077,1363,1561
1069: 83,1768
1070: 574,1494
1071: 329,481,980,1779
1072: 462,645,870,1414,1755
1073: 209
1074: 835
1075: 1399
1076: 622
1077: 1044,1068
1078: 643,1301
1079: 433
1080: 1054,1236,1494,1672
1081: 439,465,894,1179,1811
1082: 31
1083: 300,1296,1326,1563
1084: 49,482,1394,1504
1085: 120,662,1393,1422
1086: 138,156,346,417,858,1617,1651,1746
1087: 189,441,814,1563,1675,1750,1859
1088: 5,875,1344,1663
1089: 1821
1090: 247,634,1010,1321,1341,1881
1091: 286,449
1092: 40,903,1142,1912
1093: 925
1094: 965,1699
1095: 576,586,1493,1752
1096: 1190
1097: 1439
1098: 608,609
1099: 1113,1619
1100: 604,1365
1101: 103,203,340,895,1025,1697,1770
1102: 597,1544,1883
1103: 333,617,633,1187,1737
1104: 828
1105: 97,585,1652,1704
1106: 677,1284
1107: 712
1108: 1292,1688
1109: 852,1539,1938
1110: 517,1017
1111: 569,1273
1112: 247,702
1113: 1099,1647
1114: 319,1792
1115: 253,640,873,1738,1984,1986
1116: 421,1371,1954
1117: 379,1377,1510,1592,1647
1118: 240,1220,1566,1740
1119: 228,599,602,1404,1428,1437,1494,1600,1898,1902
1120: 354,835,1552
1121: 539,967,1987
1122: 1467
1123: 465,633,696,729,959,1221,1272,1595,1855,1890
1124: 520,659,910
1125: 75,454,675,708,732,1266,1399,1508,1939,1989
1126: 42,1134
1127: 1893
1128: 26,554,1347
1129: 5,143,363,897,1452
1130: 1030,1927
1131: 128
1132: 401,1514
1133: 38,219,263,584,831,1726,1732
1134: 453,655,1126,1587,1631,1883
1135: 620,970,1049,1953
1136: 247,466,1360
1137: 907
1138: 1349,1544,1854
1139: 290
1140: 43,1427,1866
1141: 304,338,1410
1142: 210,1092
1143: 679,761,1012,1202,1450,1984
1144: 441
1145: 946,1027,1223,1272
1146: 664,1201,1239,1798
1147: 693,876,1293,1451
1148: 1581
1149: 1619
1150: 622,1287
1151: 1658
1152: 257,1519
1153: 84,168,1282,1739
1154: 934,1383,1397
1155: 974,1407
1156: 121,566,788,818,1194,1304,1358,1368
1157: 488,510,959,1307
1158: 26,1753
1159: 1063,1825
1160: 1237,1789
1161: 453
1162: 665,970
1163: 556,991,1869
1164: 300,940
1165: 431,838,1514
1166: 138,810,1755
1167: 53,234
1168: 276
1169: 368,886,1360,1953
1170: 1608
1171: 267,496
1172: 1034
1173: 165,1006,1343
1174: 948,1725
1175: 10,1307,1834
1176: 233,314,1758,1766
1177: 146,848,864,1181,1190
1178: 1181,1548
1179: 593,1081
1180: 449
1181: 372,1177,1178
1182: 131,999
1183: 99,203,1499
1184: 963,1450
1185: 108
1186: 348
1187: 1103
1188: 1473,1792
1189: 392,669,1031,1832
1190: 425,1096,1177
1191: 177,1611
1192: 621,1283,1928
1193: 593,1815,1823
1194: 1156
1195: 1650
1196: 244,748,788,953,1046,1434
1197: 1386,1533,1848
1198: 54,591,1770,1947
1199: 16,303
1200: 105,784,1744
1201: 1146,1927
1202: 23,1143,1834,1863
1203: 595
1204: 604,1947
1205: 658,762,967,1295,1461
1206: 1461
1207: 765,1861
1208: 535,962,1737
1209: 920
1210: 45,962,1706
1211: 345,1577,1841
1212: 1039
1213: 561,1972
1214: 84,1472,1984
1215: 208,783,1937
1216: 741
1217: 131,688,1671
1218: 263
1219: 36,718,891
1220: 725,1030,1118,1651
1221: 1062,1123
1222: 1234
1223: 169,1145
1224: 75,909
1225: 1794
1226: 448,1543
1227: 1273,1640
1228: 39,431,719,1935
1229: 159,1479,1515
1230: 87,221,683,783,787,1454
1231: 638,1601,1893
1232: 90,1578,1878
1233: 619,626
1234: 850,1222,1559,1648,1966
1235: 1532
1236: 287,559,1080
1237: 59,937,1160,1364,1789
1238: 180,1519
1239: 410,1146,1250,1371,1876
1240: 954,1500
1241: 83
1242: 700,939,1686
1243: 55,325,360,1746
1244: 801,897
1245: 179,1389,1574
1246: 13,480,1319
1247: 523
1248: 508,1790
1249: 1803,1934
1250: 1239
1251: 66,1786
1252: 2,913,1468
1253: 209,498,895,1262,1694,1969
1254: 258,445,1570
1255: 19,59,1930
1256: 289
1257: 472
1258: 1934
1259: 625
1260: 460,1577
1261: 407,1443
1262: 627,674,1253
1263: 1299,1795
1264: 69,286,435,478,773,849
1265: 266,1451
1266: 142,1125
1267: 568,573,716,1623
1268: 1703,1793,1964
1269: 985,1275
1270: 153,665,886,1693,1998
1271: 145
1272: 20,1123,1145,1344,1684
1273: 321,1111,1227,1675
1274: 301,1788,1843
1275: 131,782,1269,1728
1276: 1337
1277: 118,383,435,847
1278: 1867
1279: 493,796
1280: 304,1412,1865
1281: 251,409,1454
1282: 169,306,1025,1153,1706,1912
1283: 1192,1798
1284: 606,1106
1285: 306,1432
1286: 240
1287: 242,1150,1986
1288: 317,337,890,1436,1995
1289: 742
1290: 1502
1291: 775,1332
1292: 547,1108
1293: 44,248,755,1147
1294: 989,1797
1295: 1205,1387
1296: 1083
1297: 51,1679
1298: 160,898
1299: 269,346,422,1263
1300: 565,1412,1971
1301: 696,1078
1302: 444,793,838
1303: 1840
1304: 252,953,1156
1305: 431,506,1517,1972,1993
1306: 1770,1825
1307: 315,412,1157,1175,1336,1381,1630
1308: 1581
1309: 1319
1310: 17,308,686,863,1383,1995
1311: 1595
1312: 81,104,854,1803
1313: 314
1314: 518,702,839,1538
1315: 610
1316: 1535
1317: 729,1710
1318: 503,1669,1903,1912
1319: 347,1246,1309
1320: 44,1946
1321: 1090,1983
1322: 74,378,1694,1915
1323: 1813
1324: 681,766,1539
1325: 1041
1326: 171,1083
1327: 307,866
1328: 1028,1583
1329: 206,1835
1330: 1723
1331: 682,859
1332: 132,1291,1810
1333: 471,500,746,842,939
1334: 465
1335: 175,691,802,970,996,1588
1336: 753,816,1307
1337: 84,382,754,1276
1338: 969,1360
1339: 1389,1985
1340: 538,626
1341: 76,172,580,1090,1363
1342: 805,992
1343: 423,829,998,1173,1632
1344: 158,1088,1272
1345: 974
1346: 122,1434
1347: 1128
1348: 365,1486,1638,1992
1349: 329,756,1138
1350: 592,995
1351: 1571,1867
1352: 702,1581
1353: 1845
1354: 127,1592
1355: 720,1512
1356: 164
1357: 179,629,1685,1734
1358: 48,988,1156,1441
1359: 711,1782
1360: 144,728,791,1136,1169,1338,1733,1953
1361: 401,1596
1362: 1023
1363: 296,456,972,1068,1341
1364: 1237,1393
1365: 242,907,1100
1366: 1764
1367: 1717,1845
1368: 870,1017,1156
1369: 882
1370: 33,1644
1371: 319,358,1116,1239,1964
1372: 43
1373: 272,465
1374: 1459,1723
1375: 22,613
1376: 30,944,1663
1377: 451,751,1117,1877
1378: 313,943
1379: 112,535,1816
1380: 860
1381: 1307,1647,1741
1382: 12,295,356,414
1383: 75,898,1154,1310,1537,1888,1906
1384: 1500,1821
1385: 119,1750,1989
1386: 58,332,1032,1197
1387: 1295,1448
1388: 305,832,1590,1829
1389: 635,1245,1339
1390: 5
1391: 174,790,887,1562
1392: 666,1552
1393: 1085,1364
1394: 105,1084
1395: 400,447,876,1426,1941
1396: 1591
1397: 1154
1398: 1480,1778
1399: 360,454,1075,1125
1400: 1670
1401: 1863
1402: 185,271,1563
1403: 151,824
1404: 593,1119,1834
1405: 12,230
1406: 51,553
1407: 186,708,1155
1408: 520,596
1409: 179,279,558,604,1592,1642,1690,1749
1410: 416,1141,1938,1939,1963
1411: 248
1412: 1280,1300,1650,1797
1413: 101
1414: 1072
1415: 544
1416: 524
1417: 590,1816
1418: 888,955
1419: 28,191,738
1420: 555,1473
1421: 283,871
1422: 269,1085
1423: 189,1009
1424: 770,1959
1425: 429,1699
1426: 928,1395
1427: 93,412,1140
1428: 537,1119,1531
1429: 19
1430: 941
1431: 706,808,1512
1432: 962,1285,1505
1433: 559
1434: 1196,1346
1435: 36,880
1436: 108,1288
1437: 1119
1438: 637,1834
1439: 345,364,1097
1440: 483,688
1441: 553,828,1358
1442: 291,1542
1443: 11,397,1261,1576,1826
1444: 6,282,314,389
1445: 1725
1446: 819,1740
1447: 305,1607
1448: 831,1387
1449: 217,1039,1584
1450: 958,1143,1184
1451: 8,1147,1265,1758,1760
1452: 1129
1453: 194,216,565,707
1454: 1230,1281,1649
1455: 148,536
1456: 81,619
1457: 295
1458: 993,1818,1964
1459: 200,587,1374,1477,1809,1984
1460: 938
1461: 582,1205,1206
1462: 72,672,1543
1463: 616,916,1608,1666
1464: 1897
1465: 632,794,1014,1863
1466: 113,773
1467: 1122,1683
1468: 814,1252,1557,1626
1469: 106,849,1495
1470: 897
1471: 1584
1472: 1214
1473: 666,933,1188,1420,1769
1474: 825
1475: 337,914
1476: 380,1736
1477: 136,455,469,734,1459,1785,1914
1478: 153,518,877,972
1479: 440,500,1229,1484
1480: 1398,1618
1481: 184,210,590,1027,1040,1902,1965
1482: 487,931,937,977,1999
1483: 735
1484: 1479
1485: 82,392
1486: 1348,1607
1487: 1585
1488: 1836
1489: 4,1878
1490: 815,902
1491: 3,116,714,1688,1932
1492: 388,464,1611
1493: 3,783,797,1066,1095,1883
1494: 56,322,382,590,859,908,1070,1080,1119
1495: 555,705,926,1469,1683
1496: 316,896,900,932,1916
1497: 1749
1498: 726,920
1499: 1029,1183,1663
1500: 77,851,1240,1384,1798,1837
1501: 715,970
1502: 373,1290
1503: 1885
1504: 177,409,536,1084
1505: 1432,1913
1506: 241,472,1597
1507: 326,1847
1508: 1125,1730
1509: 155,1852,1869
1510: 394,1117
1511: 1052
1512: 1355,1431
1513: 992
1514: 727,872,1132,1165
1515: 1229
1516: 693,724,1016
1517: 433,658,715,808,901,1305,1518
1518: 1517,1616
1519: 1152,1238
1520: 1992
1521: 1813
1522: 264,426,1043
1523: 975
1524: 903
1525: 4,629
1526: 560,641
1527: 146
1528: 243,910,1778,1798,1831
1529: 1848
1530: 1752,1840
1531: 1011,1428
1532: 890,1235,1974,1980
1533: 1197
1534: 593,1697
1535: 613,1316,1607
1536: 1809
1537: 291,410,1067,1383
1538: 1314,1849
1539: 1109,1324,1800,1948
1540: 103,387,403,915,1000
1541: 597
1542: 66,1442
1543: 3,613,882,1226,1462,1861
1544: 1102,1138
1545: 481,967,1570,1872
1546: 35,1588
1547: 670
1548: 292,335,690,1178
1549: 444,775
1550: 1679
1551: 548,1708
1552: 64,676,1120,1392
1553: 319
1554: 309
1555: 44
1556: 1965
1557: 1468
1558: 94,103,159,391
1559: 266,464,620,724,1234
1560: 862,1663
1561: 1068
1562: 1391
1563: 75,234,407,1083,1087,1402,1668,1750,1836
1564: 265,319
1565: 1907,1955
1566: 60,1118
1567: 477
1568: 398,1828
1569: 1602,1803
1570: 1254,1545,1830
1571: 132,825,1351
1572: 251
1573: 734
1574: 223,1245
1575: 22,1015,1725
1576: 85,1443,1904
1577: 1211,1260
1578: 1232,1979
1579: 982
1580: 106,843,1821
1581: 891,1148,1308,1352
1582: 457,1710
1583: 612,1328,1602,1681,1707
1584: 701,702,735,855,1449,1471,1587
1585: 88,1487
1586: 1858
1587: 79,641,1134,1584,1752
1588: 1335,1546
1589: 1704
1590: 865,1388
1591: 1396,1805
1592: 986,1117,1354,1409
1593: 474,891
1594: 91,386,974,1009,1692,1906
1595: 1123,1311,1655
1596: 772,774,1361
1597: 1506,1918
1598: 826
1599: 100,340,535,754,1001,1002,1707,1996
1600: 102,1119
1601: 506,1231,1788
1602: 780,1569,1583
1603: 681,1022,1623
1604: 1984
1605: 728
1606: 1906
1607: 886,1447,1486,1535,1905
1608: 37,171,677,1170,1463,1759
1609: 341,553,697,764,1660
1610: 310,1017
1611: 125,769,1191,1492,1632,1648
1612: 57,859
1613: 855
1614: 110,759,997
1615: 420,865,866
1616: 1518
1617: 814,1086,1837
1618: 88,1480,1813
1619: 472,1099,1149
1620: 357,470,832
1621: 434
1622: 1984
1623: 1267,1603
1624: 1015
1625: 191,1021,1885
1626: 1468,1712
1627: 93,261,371
1628: 458,885
1629: 53,162
1630: 228,1307
1631: 339,956,1134
1632: 1055,1343,1611,1970
1633: 427
1634: 135
1635: 997
1636: 730,1767,1832
1637: 786,790,1049
1638: 466,1348
1639: 78,288
1640: 21,1227,1971
1641: 928
1642: 1409,1871
1643: 36,163,429,1013
1644: 777,1370,1681
1645: 881
1646: 1007
1647: 412,888,1113,1117,1381
1648: 49,1234,1611
1649: 911,1454
1650: 291,740,909,1195,1412
1651: 579,1086,1220
1652: 1105,1943
1653: 53,318,926
1654: 471
1655: 1595
1656: 25
1657: 913,1837,1919
1658: 193,436,630,1151
1659: 837,1725,1925
1660: 1609
1661: 127,327,363
1662: 173,967,1044,1670,1895
1663: 261,589,605,1088,1376,1499,1560,1835
1664: 281,1855
1665: 904
1666: 264,984,1463,1865
1667: 35,1059
1668: 317,1563,1687
1669: 312,1318
1670: 294,1400,1662,1925
1671: 1217
1672: 633,1080
1673: 3,381,530,756
1674: 338,1778
1675: 142,568,1087,1273,1795
1676: 65,224,1939
1677: 1922
1678: 236,423
1679: 705,849,1297,1550,1748
1680: 873
1681: 527,1583,1644
1682: 1874
1683: 473,1467,1495
1684: 412,1272
1685: 143,603,1357
1686: 1242,1697
1687: 318,1668
1688: 1108,1491
1689: 1735,1783
1690: 1409,1697
1691: 487
1692: 540,569,836,924,983,1594
1693: 1016,1270
1694: 1253,1322
1695: 9
1696: 132
1697: 619,1011,1101,1534,1686,1690
1698: 607
1699: 1094,1425
1700: 487,858
1701: 799,1996
1702: 1715
1703: 598,1268
1704: 80,773,819,1105,1589
1705: 102,127
1706: 471,1210,1282
1707: 143,250,763,1583,1599,1839
1708: 1551,1842,1877
1709: 398,565,1007
1710: 1317,1582,1996
1711: 280
1712: 60,1626
1713: 1981
1714: 268,560,785
1715: 55,596,1702
1716: 127,371,595,907,1877,1923,1955
1717: 336,353,593,1367,1784
1718: 340,670
1719: 1948
1720: 1804
1721: 324,853,967,980,1763
1722: 1913
1723: 903,1330,1374
1724: 847
1725: 556,1174,1445,1575,1659
1726: 123,1133
1727: 300,376
1728: 722,1275
1729: 187,198,429,724,1796
1730: 64,1508
1731: 247
1732: 155,233,756,911,1041,1133,1972
1733: 649,665,1360
1734: 1357
1735: 528,803,1689
1736: 421,644,849,988,1476
1737: 1103,1208
1738: 534,770,1115
1739: 322,498,1153
1740: 741,1118,1446
1741: 986,1381
1742: 619
1743: 568,1755
1744: 331,956,1200
1745: 181,317,1022
1746: 1086,1243
1747: 134
1748: 1679,1938
1749: 1409,1497
1750: 1087,1385,1563
1751: 41,270
1752: 499,802,1095,1530,1587
1753: 1158,1803
1754: 959,986
1755: 489,1022,1072,1166,1743
1756: 345,577,645,817
1757: 98
1758: 309,586,1176,1451
1759: 477,483,1608,1897
1760: 1451,1781
1761: 197
1762: 516,680,769
1763: 257,1721
1764: 751,1366,1969
1765: 652
1766: 1176
1767: 19,1636
1768: 1069
1769: 616,1473
1770: 183,206,632,1101,1198,1306,1772
1771: 25,101,373,1003
1772: 104,563,637,709,1770
1773: 934
1774: 298
1775: 47
1776: 814
1777: 149,234,383,1822,1999
1778: 610,936,1398,1528,1674
1779: 1071,1790
1780: 882
1781: 1760,1801
1782: 227,1359
1783: 1689,1844,1998
1784: 1717
1785: 306,1477
1786: 19,1251
1787: 19,454,664,733
1788: 221,1274,1601
1789: 1067,1160,1237,1995
1790: 1248,1779,1988
1791: 1813
1792: 1114,1188
1793: 97,291,1268
1794: 314,951,1225
1795: 1263,1675
1796: 731,1729
1797: 392,1294,1412
1798: 277,645,1146,1283,1500,1528,1908
1799: 12
1800: 69,113,579,1539,1948
1801: 532,1781
1802: 63,618
1803: 1249,1312,1569,1753
1804: 75,476,611,933,1720
1805: 170,363,593,754,1591
1806: 188,258
1807: 407
1808: 975
1809: 694,800,1459,1536
1810: 47,1332
1811: 212,590,1081
1812: 392
1813: 463,1323,1521,1618,1791
1814: 17
1815: 1193
1816: 10,104,557,1379,1417
1817: 147,284,441,766
1818: 17,818,1023,1458
1819: 320,929,1865
1820: 952
1821: 1089,1384,1580,1824,1859
1822: 477,1777
1823: 102,1193
1824: 240,1821,1831
1825: 272,1159,1306
1826: 395,1443
1827: 654,743
1828: 55,73,764,1568
1829: 208,1388
1830: 163,529,747,1570
1831: 1528,1824,1865
1832: 1189,1636
1833: 283,411,1901
1834: 1175,1202,1404,1438
1835: 4,1329,1663
1836: 1488,1563,1904
1837: 1500,1617,1657,1891
1838: 203,245
1839: 427,653,1707,1982
1840: 27,822,1303,1530
1841: 1211,1956
1842: 203,459,820,902,1708
1843: 582,853,917,1274
1844: 154,1783
1845: 1353,1367
1846: 728,1066
1847: 151,1507
1848: 75,392,1197,1529
1849: 713,1538
1850: 539
1851: 1051,1978
1852: 177,1010,1509
1853: 571,790
1854: 188,1015,1138,1899
1855: 743,1123,1664
1856: 417
1857: 817
1858: 261,430,1586
1859: 1087,1821
1860: 830
1861: 3,72,1207,1543
1862: 658,1893
1863: 328,387,1202,1401,1465
1864: 544,653
1865: 1280,1666,1819,1831
1866: 347,792,1140
1867: 96,639,970,1278,1351
1868: 423
1869: 52,752,1163,1509
1870: 960
1871: 961,1053,1642
1872: 1545,1922
1873: 132,288,547,774,793
1874: 411,1682,1939
1875: 755,793,798
1876: 66,483,1239
1877: 107,405,654,1377,1708,1716
1878: 117,633,1232,1489
1879: 750,1984
1880: 4
1881: 1090
1882: 838
1883: 556,1102,1134,1493
1884: 388
1885: 206,1503,1625
1886: 1889
1887: 421
1888: 140,669,1383
1889: 512,518,731,793,797,886,917,1056,1886,1992
1890: 179,209,311,945,1123
1891: 1837
1892: 248,715,1993
1893: 229,1127,1231,1862
1894: 781
1895: 188,1662
1896: 131
1897: 108,1024,1464,1759
1898: 1119
1899: 1854
1900: 814,924,937
1901: 1833
1902: 1119,1481
1903: 1318
1904: 496,1576,1836
1905: 1607
1906: 796,1383,1594,1606
1907: 1565
1908: 66,1798
1909: 68,329
1910: 195
1911: 93,402
1912: 367,946,1092,1282,1318,1924,1984
1913: 1505,1722
1914: 1477
1915: 1322
1916: 464,678,1496
1917: 18,263
1918: 856,1002,1597
1919: 1657
1920: 156
1921: 699
1922: 201,429,545,580,710,1677,1872
1923: 5,231,1716
1924: 1912
1925: 31,196,301,1659,1670
1926: 522,527
1927: 1130,1201
1928: 707,725,1192
1929: 483,999
1930: 1255
1931: 213,1018
1932: 658,789,1491
1933: 412,612,703
1934: 451,525,1249,1258
1935: 499,1228
1936: 771
1937: 201,420,1215
1938: 1109,1410,1748
1939: 810,1125,1410,1676,1874
1940: 593
1941: 600,1395
1942: 23
1943: 814,1652
1944: 704,779
1945: 47,257,715,1033
1946: 251,1320
1947: 430,609,1198,1204
1948: 645,1539,1719,1800
1949: 304,1060
1950: 645
1951: 528
1952: 372,807
1953: 715,1135,1169,1360
1954: 1116
1955: 100,1565,1716
1956: 1841
1957: 594
1958: 964
1959: 20,130,378,1424
1960: 193,636
1961: 340,689,734,815
1962: 291,748
1963: 621,1410
1964: 75,149,1268,1371,1458
1965: 289,366,1481,1556
1966: 506,1234
1967: 1024
1968: 292,343
1969: 74,1253,1764
1970: 86,334,1632
1971: 1300,1640
1972: 1213,1305,1732
1973: 290,459,696
1974: 109,596,1532
1975: 96
1976: 272,363
1977: 965
1978: 1851
1979: 45,906,978,1014,1578
1980: 1004,1532
1981: 313,1713
1982: 941,1839
1983: 678,1321
1984: 104,412,987,1115,1143,1214,1459,1604,1622,1879,1912
1985: 531,1339
1986: 7,799,804,1115,1287
1987: 87,214,409,423,1037,1121
1988: 208,649,887,1790
1989: 1125,1385,1999
1990: 843
1991: 821,826
1992: 1348,1520,1889
1993: 92,757,1305,1892
1994: 966
1995: 767,860,1288,1310,1789
1996: 254,278,472,626,1034,1599,1701,1710
1997: 16
1998: 233,486,582,727,1270,1783
1999: 124,392,520,1482,1777,1989
