0: 4,27,33,64,65,72,81,96
1: 3,7,49,90
2: 11,37,42,53,68,86
3: 1,13,18,25,91
4: 0,56
5: 22,49,78,91
6: 17,40,44,96
7: 1,25
8: 28,50,93
9: 17,19,54,64,72,86
10: 50,60,73
11: 2,81
12: 15,30,57,62
13: 3,32,90
14: 75,90
15: 12,51,52,78
16: 38
17: 6,9,34,53,59
18: 3,41,83,88
19: 9,33,44,86
20: 22,24,35,90
21: 29,31,79
22: 5,20,51,75
23: 29,46,48,50,84,89,93
24: 20,35,47,49,52,57,66,78
25: 3,7,30,51,66
26: 71,80
27: 0,33,40,96
28: 8,50,67,79,84,97
29: 21,23,38,46,61,93
30: 12,25,52,78,83
31: 21,60,84
32: 13,47,52,62,66,75
33: 0,19,27,40,85
34: 17,74,85
35: 20,24,99
36: 38,43,45,84
37: 2,40
38: 16,29,36,69,70,80,84,95
39: 45,63,67,71,77,84,97
40: 6,27,33,37,68,76
41: 18,49,52,90
42: 2,55,68,81,82,85,86
43: 36
44: 6,19,92
45: 36,39,61,73
46: 23,29,89,93
47: 24,32
48: 23,67
49: 1,5,24,41,75,94
50: 8,10,23,28,71,73,84,93
51: 15,22,25
52: 15,24,30,32,41,75
53: 2,17,76
54: 9,64,82
55: 42,64,65
56: 4,59,72
57: 12,24,87,88
58: 72,74,96
59: 17,56,82,96
60: 10,31,70
61: 29,45,70
62: 12,32,88
63: 39,69,93
64: 0,9,54,55,74
65: 0,55,85
66: 24,25,32,75,87
67: 28,39,48
68: 2,40,42
69: 38,63
70: 38,60,61,71,80,84,93
71: 26,39,50,70,80
72: 0,9,56,58,81,98
73: 10,45,50,80
74: 34,58,64,98
75: 14,22,32,49,52,66
76: 40,53,96,98
77: 39,79,95
78: 5,15,24,30,91
79: 21,28,77,97
80: 26,38,70,71,73
81: 0,11,42,72
82: 42,54,59,86
83: 18,30,90
84: 23,28,31,36,38,39,50,70
85: 33,34,42,65,92
86: 2,9,19,42,82
87: 57,66,88,94
88: 18,57,62,87
89: 23,46
90: 1,13,14,20,41,83
91: 3,5,78
92: 44,85
93: 8,23,29,46,50,63,70
94: 49,87,99
95: 38,77
96: 0,6,27,58,59,76,98
97: 28,39,79
98: 72,74,76,96
99: 35,94
